8570
6669
3309
3652
1896
5446
8536
9167
609
2711
5324
2005
5471
1338
1729
9293
8595
866
3161
8752
3292
3223
1385
7544
6059
9996
9576
1296
4892
9410
1048
6109
7171
9336
3641
2796
9927
1714
5887
6716
6044
6868
9655
3440
8324
5685
5422
3164
1912
2119
8626
7269
5318
1087
1817
151
5861
910
6104
673
1877
7120
2154
1021
8284
5460
702
8324
2672
3897
6502
6364
5021
9740
2950
5702
4305
6056
3727
974
7962
7871
6855
6548
1589
2742
4763
734
4831
7114
2284
6174
2850
664
3414
7502
2234
7910
5219
7767
1789
1448
917
658
8654
3408
4060
2598
8389
2066
6321
4600
2535
1218
8566
7400
4604
6928
9425
2350
8806
7304
6538
564
9830
4393
1486
6896
4894
4744
6904
6069
2318
6524
599
1406
2916
5316
3798
2941
9382
6941
773
2537
5028
2948
1751
908
5872
9728
1641
4242
6785
9040
1204
8085
1360
3503
4772
70
2775
6247
6257
5667
7497
3098
1803
8685
6178
5881
6018
4197
7695
3825
3934
1436
947
8089
5359
1529
1347
6527
7885
1805
8692
5635
5261
2905
1034
7719
8514
2754
3144
621
4459
2800
2652
8449
5958
5927
6102
658
5923
1739
606
5131
6856
5581
4402
48
7748
4660
8296
5924
9871
7338
510
3703
361
7080
5478
2067
7261
6229
9329
522
8268
1240
4216
780
3871
8261
1408
7988
9016
4730
590
4646
6030
7950
9346
7187
5394
4251
4398
9900
5267
4186
5819
3531
1293
6924
7545
9294
8280
1197
3108
7242
7017
1939
1049
9069
7049
1647
8298
2869
3703
1079
2170
2877
4041
540
5123
3980
941
4280
1634
4187
9733
7473
6869
4461
9412
7609
149
5996
1928
8139
5121
4649
1755
430
3254
9981
21
7785
2310
9683
298
3973
5560
4552
1987
5850
9969
6730
3386
3102
2172
4680
3585
8301
1061
1765
1720
141
9771
6429
7279
8971
3125
9577
6551
4270
5772
4657
2160
5530
6416
5626
6419
7384
1992
9188
4883
5094
4192
8418
3577
9385
8105
6534
4134
3986
1154
2360
2143
3892
5887
1962
1586
6079
3941
804
8180
4573
111
8675
1070
7877
5731
2438
1762
8794
6144
4887
3560
549
4560
7350
4219
2721
4711
9577
6267
294
6675
9549
2115
7105
2965
3402
410
5785
2467
3713
6498
2306
2756
7749
6964
8166
8465
7371
9571
2929
5648
9903
3466
7548
4004
3986
8991
8318
6814
6558
4577
1438
8016
5971
251
3995
3420
6848
8020
1181
3906
3153
8638
3144
5782
4794
2771
2822
1630
6627
3468
5461
7587
891
580
5986
9227
1360
1848
2934
6654
9234
2103
691
8085
9872
3598
6754
625
2927
8205
1261
463
9934
5122
3874
5620
4550
2269
9913
2421
1258
4906
3323
7822
8667
4497
4146
9595
685
2696
2290
3372
5548
8716
2665
2092
3060
4591
3224
1587
299
922
9731
700
6567
7329
2296
5620
3161
375
8988
1032
3313
9299
2891
2495
1001
9100
7552
5757
2774
4320
507
9676
3756
4594
7891
1929
1607
3511
9738
2970
8428
3792
3330
4548
5818
4612
1368
5323
7744
3709
1601
3993
5197
1891
9158
1361
8965
5382
1422
6364
1141
4897
3531
369
9431
1403
8157
244
3524
6535
6628
2491
5923
6249
9291
7033
686
8047
9243
4056
9805
3301
3556
245
4141
6229
5800
1694
9908
7271
4458
1469
2038
6042
2631
2959
2370
4146
5245
5544
6405
6465
6554
6255
1316
3401
6380
8670
1573
2864
5376
127
298
8557
9727
2543
1888
933
93
1167
542
2915
9512
9051
6277
5976
1083
6492
5183
2116
7601
9478
8917
9832
2965
7824
1600
388
1256
8613
7116
455
7704
775
2795
8992
5209
8842
8685
2315
9524
8618
4246
4514
3731
7595
2631
7012
7085
6573
6185
1666
9375
1756
1018
7375
1418
129
8269
6873
4028
1204
1750
1730
4925
2622
1644
6804
8908
2829
9956
493
6833
4856
6301
9742
4640
6835
2860
2457
5943
8797
4375
6718
549
9875
1029
1384
4829
4584
9767
2838
6427
6841
3001
898
912
2721
4707
2271
4849
9768
2752
3629
235
632
7543
960
8798
3557
8639
1618
2518
7932
3893
3506
8317
440
7916
9695
1277
7028
2367
7894
7835
32
5688
9847
2368
7642
758
4681
2857
1101
366
4354
2435
200
4293
9968
6393
7777
321
6784
1054
1661
2414
6913
8030
5339
4241
7944
5947
8178
5411
8393
8159
1683
6746
2648
5006
2847
3039
4877
8232
2258
5453
8190
9189
5477
9562
6262
5532
7081
8030
7195
9623
2502
1525
587
1490
4934
2963
9264
424
2953
4562
347
4035
9803
7709
103
1552
2469
5216
2864
3432
8929
6955
2604
7076
7735
4741
1171
2478
8601
8772
130
4217
4890
3963
482
7757
9867
5674
3441
3188
9960
5326
5156
2913
3182
1069
9575
3152
1607
958
4972
83
4873
1585
2421
8996
9636
3872
9807
8807
3257
4901
2388
2048
3105
1268
4297
6226
1309
2688
1863
290
3128
9980
409
8924
2201
6342
1580
1599
9487
3745
5316
8982
6822
5905
8782
358
5626
312
9778
1629
5199
861
1139
1088
1711
6974
4076
5588
2596
5607
5381
3430
9974
9944
3051
1946
2175
2020
9118
8757
5561
9611
8173
3536
4335
812
1868
2239
3755
6211
2112
701
5647
4665
3630
6880
7755
5653
5089
3432
6729
6147
7682
5753
9079
1067
9007
7670
2861
9093
4757
8711
1554
6919
5822
9785
9460
8898
5525
7428
5326
8641
290
3273
9399
3471
2048
3650
2121
8904
3778
1920
3210
5564
864
2062
1679
1770
6138
2461
2280
2295
9257
4969
8436
2991
3404
8562
9055
1751
3960
1841
9384
1584
448
742
3364
107
6577
2424
6751
7639
7133
6184
4407
8327
5255
16
57
6322
9704
4053
5978
1926
8648
9418
1269
2399
6845
4604
4951
2686
5054
9368
6651
6538
3164
1735
5773
9481
3435
9794
9618
7873
4417
9755
3618
4362
8903
7688
4459
7228
8845
3243
9473
652
3350
6315
4604
4639
8813
9553
